{
    "fl_x": 1072.281897246229,
    "fl_y": 1068.6906965388932,
    "cx": 1504.0,
    "cy": 1000.0,
    "w": 3008,
    "h": 2000,
    "camera_model": "OPENCV_FISHEYE",
    "k1": 0.03126218448029553,
    "k2": 0.005177020067511987,
    "k3": 0.0006640977794272005,
    "k4": 0.00010067035656515042,
    "frames": [
        {
            "file_path": "images/frame_00001.jpeg",
            "transform_matrix": [
                [
                    0.00016753952732824387,
                    -0.9810406599026638,
                    -0.1938019492890949,
                    0.637837674052381
                ],
                [
                    0.9465183284705816,
                    -0.062374629004221555,
                    0.3165635157844977,
                    1.467212758546972
                ],
                [
                    -0.3226500051135332,
                    -0.18349013399725841,
                    0.9285625153568848,
                    5.410412003957261
                ],
                [
                    0.0,
                    0.0,
                    0.0,
                    1.0
                ]
            ]
        },
        {
            "file_path": "images/frame_00002.jpeg",
            "transform_matrix": [
                [
                    0.008838587336475622,
                    -0.9818191695095337,
                    -0.18961275737013328,
                    0.6346761368262369
                ],
                [
                    0.9483917224514768,
                    -0.05187707231537242,
                    0.3128288831829733,
                    1.4353518387350432
                ],
                [
                    -0.3169779490113093,
                    -0.18259213496641954,
                    0.930690653272605,
                    5.3999089028029665
                ],
                [
                    0.0,
                    0.0,
                    0.0,
                    1.0
                ]
            ]
        },
        {
            "file_path": "images/frame_00004.jpeg",
            "transform_matrix": [
                [
                    -0.003736252007398018,
                    -0.993045351233963,
                    -0.11767315247562674,
                    0.5887362346871976
                ],
                [
                    0.9675103355151392,
                    -0.033338414763782825,
                    0.2506238232339871,
                    1.3237683867494656
                ],
                [
                    -0.2528038589347877,
                    -0.112913597470158,
                    0.9609062016732055,
                    5.344771522633337
                ],
                [
                    0.0,
                    0.0,
                    0.0,
                    1.0
                ]
            ]
        },
        {
            "file_path": "images/frame_00005.jpeg",
            "transform_matrix": [
                [
                    0.007100359207083236,
                    -0.99941654711862,
                    -0.033408834828911264,
                    0.5496744547963698
                ],
                [
                    0.9731973488456197,
                    -0.000773439050454621,
                    0.22997026327743467,
                    1.2393665444595603
                ],
                [
                    -0.22986192616218057,
                    -0.03414626095973493,
                    0.9726240423532012,
                    5.300231737923616
                ],
                [
                    0.0,
                    0.0,
                    0.0,
                    1.0
                ]
            ]
        },
        {
            "file_path": "images/frame_00003.jpeg",
            "transform_matrix": [
                [
                    0.0005639088592523125,
                    -0.9856201745724059,
                    -0.16897500845586239,
                    0.6182178597326774
                ],
                [
                    0.9524936511020414,
                    -0.05093329737681482,
                    0.3002692855232239,
                    1.3873222400993261
                ],
                [
                    -0.3045579199710637,
                    -0.1611169472593906,
                    0.9387682369406807,
                    5.37996898706702
                ],
                [
                    0.0,
                    0.0,
                    0.0,
                    1.0
                ]
            ]
        },
        {
            "file_path": "images/frame_00006.jpeg",
            "transform_matrix": [
                [
                    0.025280520846405044,
                    -0.9994534326558501,
                    0.021300967540763563,
                    0.503979497725834
                ],
                [
                    0.9793690205244316,
                    0.02903466556539142,
                    0.19998327388189516,
                    1.144913523561853
                ],
                [
                    -0.20049243602378045,
                    0.015805826392316744,
                    0.9795677408680352,
                    5.256014722750046
                ],
                [
                    0.0,
                    0.0,
                    0.0,
                    1.0
                ]
            ]
        },
        {
            "file_path": "images/frame_00007.jpeg",
            "transform_matrix": [
                [
                    0.02292377050580879,
                    -0.9982962464571592,
                    0.0536572926576052,
                    0.45266842113459305
                ],
                [
                    0.983952936746533,
                    0.03202894289834967,
                    0.1755299549498257,
                    1.0437216570666934
                ],
                [
                    -0.17694948152981574,
                    0.048772442284154054,
                    0.9830107475811077,
                    5.215782901912853
                ],
                [
                    0.0,
                    0.0,
                    0.0,
                    1.0
                ]
            ]
        },
        {
            "file_path": "images/frame_00008.jpeg",
            "transform_matrix": [
                [
                    -0.029591911850285094,
                    -0.9923355134850422,
                    0.11997727880487526,
                    0.40463459379668976
                ],
                [
                    0.9916938974703037,
                    -0.014115998882704615,
                    0.1278434679430374,
                    0.9301659438370274
                ],
                [
                    -0.12517001427340296,
                    0.12276386785989309,
                    0.9845107923607922,
                    5.185883639775515
                ],
                [
                    0.0,
                    0.0,
                    0.0,
                    1.0
                ]
            ]
        },
        {
            "file_path": "images/frame_00009.jpeg",
            "transform_matrix": [
                [
                    -0.013759657851200147,
                    -0.9937470231583457,
                    0.11080399712891326,
                    0.35813350925345216
                ],
                [
                    0.9911371092134889,
                    0.0010881247948252193,
                    0.132838423373508,
                    0.7920996295772644
                ],
                [
                    -0.13212835636511333,
                    0.11164976465876315,
                    0.9849245795977967,
                    5.163266860257489
                ],
                [
                    0.0,
                    0.0,
                    0.0,
                    1.0
                ]
            ]
        },
        {
            "file_path": "images/frame_00010.jpeg",
            "transform_matrix": [
                [
                    0.01676929634149736,
                    -0.9958621060288563,
                    0.08931660806357608,
                    0.30559665419744486
                ],
                [
                    0.9924314400596441,
                    0.027446561243209898,
                    0.11969345452890684,
                    0.6505245101403212
                ],
                [
                    -0.12164960945827902,
                    0.08663343495264487,
                    0.9887851235060902,
                    5.145088278655578
                ],
                [
                    0.0,
                    0.0,
                    0.0,
                    1.0
                ]
            ]
        },
        {
            "file_path": "images/frame_00011.jpeg",
            "transform_matrix": [
                [
                    0.026964803203518645,
                    -0.9969860800868354,
                    0.07274376606473917,
                    0.2602709305866345
                ],
                [
                    0.9961372679251491,
                    0.03288257651650816,
                    0.08142038818536626,
                    0.5249688175776656
                ],
                [
                    -0.08356699610979956,
                    0.07026729164214295,
                    0.9940216621816965,
                    5.116063317794424
                ],
                [
                    0.0,
                    0.0,
                    0.0,
                    1.0
                ]
            ]
        },
        {
            "file_path": "images/frame_00012.jpeg",
            "transform_matrix": [
                [
                    0.023762100669796053,
                    -0.9973369884666446,
                    0.0689513887317894,
                    0.2536356268442579
                ],
                [
                    0.9991295279877701,
                    0.026056992011638257,
                    0.03257636367431024,
                    0.40813551900858225
                ],
                [
                    -0.03428627822750637,
                    0.06811728564460914,
                    0.9970880033987557,
                    5.068366953819324
                ],
                [
                    0.0,
                    0.0,
                    0.0,
                    1.0
                ]
            ]
        },
        {
            "file_path": "images/frame_00014.jpeg",
            "transform_matrix": [
                [
                    0.03833758453380367,
                    -0.9965470831787685,
                    0.07364876523066836,
                    0.3524738021930968
                ],
                [
                    0.99899020290292,
                    0.03649492985175918,
                    -0.026204858310975798,
                    0.13773979652555818
                ],
                [
                    0.02342656859415392,
                    0.07457902589202829,
                    0.996939900285318,
                    4.932819871195273
                ],
                [
                    0.0,
                    0.0,
                    0.0,
                    1.0
                ]
            ]
        },
        {
            "file_path": "images/frame_00013.jpeg",
            "transform_matrix": [
                [
                    0.024163007321686015,
                    -0.9953968557716542,
                    0.09274291669489738,
                    0.2995328655257159
                ],
                [
                    0.9996301274402329,
                    0.02289879732771323,
                    -0.014671516444048014,
                    0.27883248702199587
                ],
                [
                    0.012480280084830068,
                    0.09306312159415694,
                    0.9955819895961131,
                    5.004615747142917
                ],
                [
                    0.0,
                    0.0,
                    0.0,
                    1.0
                ]
            ]
        },
        {
            "file_path": "images/frame_00015.jpeg",
            "transform_matrix": [
                [
                    0.06902864796836647,
                    -0.9954682693211564,
                    0.06540619645263844,
                    0.3752211112959329
                ],
                [
                    0.9940902050688438,
                    0.06313057281025752,
                    -0.08831305092019519,
                    0.005334163591157187
                ],
                [
                    0.08378370931060256,
                    0.07111578974735899,
                    0.9939430740755558,
                    4.8639547604863775
                ],
                [
                    0.0,
                    0.0,
                    0.0,
                    1.0
                ]
            ]
        },
        {
            "file_path": "images/frame_00016.jpeg",
            "transform_matrix": [
                [
                    0.07467605844860331,
                    -0.996824788087426,
                    0.02763744107256085,
                    0.3956412667020054
                ],
                [
                    0.9903120438602337,
                    0.07087750046617705,
                    -0.11940869194926046,
                    -0.1327828039400328
                ],
                [
                    0.11707067130561391,
                    0.036286661214908755,
                    0.9924604456289063,
                    4.799746870265412
                ],
                [
                    0.0,
                    0.0,
                    0.0,
                    1.0
                ]
            ]
        },
        {
            "file_path": "images/frame_00018.jpeg",
            "transform_matrix": [
                [
                    0.09463558480001874,
                    -0.9943463825586075,
                    -0.048159916758334295,
                    0.48048119023381225
                ],
                [
                    0.9732364311457014,
                    0.10258628162894964,
                    -0.2056377978687876,
                    -0.43773165975860256
                ],
                [
                    0.2094157472119444,
                    -0.02741033225185456,
                    0.9774424374383925,
                    4.6551893884404505
                ],
                [
                    0.0,
                    0.0,
                    0.0,
                    1.0
                ]
            ]
        },
        {
            "file_path": "images/frame_00017.jpeg",
            "transform_matrix": [
                [
                    0.08680218331193798,
                    -0.9962095202529593,
                    -0.0056544433545133305,
                    0.43097151163071495
                ],
                [
                    0.9842297427841256,
                    0.08663374991629952,
                    -0.15422842408108142,
                    -0.2814583508300696
                ],
                [
                    0.15413368999467483,
                    0.007822092610597275,
                    0.9880190385189025,
                    4.731852348485422
                ],
                [
                    0.0,
                    0.0,
                    0.0,
                    1.0
                ]
            ]
        },
        {
            "file_path": "images/frame_00020.jpeg",
            "transform_matrix": [
                [
                    0.06602418015907785,
                    -0.9824220887534703,
                    -0.1746071223163317,
                    0.5389422306033712
                ],
                [
                    0.9584796011916844,
                    0.11109291308091258,
                    -0.2626313362160473,
                    -0.7218868671110087
                ],
                [
                    0.27741243976028057,
                    -0.15001734630523755,
                    0.9489663503379785,
                    4.492807390303531
                ],
                [
                    0.0,
                    0.0,
                    0.0,
                    1.0
                ]
            ]
        },
        {
            "file_path": "images/frame_00019.jpeg",
            "transform_matrix": [
                [
                    0.0800032296253111,
                    -0.9892811304667516,
                    -0.12215698159313577,
                    0.5101218021083173
                ],
                [
                    0.9666836190648618,
                    0.10689558042019354,
                    -0.23258571649671683,
                    -0.5857281376095334
                ],
                [
                    0.24315070199606856,
                    -0.09947954457603785,
                    0.9648738551384648,
                    4.58052657825429
                ],
                [
                    0.0,
                    0.0,
                    0.0,
                    1.0
                ]
            ]
        },
        {
            "file_path": "images/frame_00021.jpeg",
            "transform_matrix": [
                [
                    0.06214790684128583,
                    -0.9832212647688665,
                    -0.1715038838672678,
                    0.5689957263689139
                ],
                [
                    0.9607725149688167,
                    0.10547038089947175,
                    -0.2564998503574916,
                    -0.8606159384820847
                ],
                [
                    0.27028468723873744,
                    -0.14883528902525356,
                    0.9512067307294599,
                    4.395219459762829
                ],
                [
                    0.0,
                    0.0,
                    0.0,
                    1.0
                ]
            ]
        },
        {
            "file_path": "images/frame_00022.jpeg",
            "transform_matrix": [
                [
                    0.03246006735365591,
                    -0.9742659610908745,
                    -0.2230519694758846,
                    0.57376996475164
                ],
                [
                    0.9467924349077879,
                    0.10147105174540955,
                    -0.3054303699029664,
                    -0.9955753294113232
                ],
                [
                    0.3202037308164578,
                    -0.20126962691214795,
                    0.9257213987231072,
                    4.291927122635619
                ],
                [
                    0.0,
                    0.0,
                    0.0,
                    1.0
                ]
            ]
        },
        {
            "file_path": "images/frame_00023.jpeg",
            "transform_matrix": [
                [
                    0.052489545645385584,
                    -0.9674035136755521,
                    -0.24774036676758399,
                    0.5362861568281012
                ],
                [
                    0.9419684345017495,
                    0.13033479338132406,
                    -0.30936759694022725,
                    -1.1318188673515865
                ],
                [
                    0.33157248981220433,
                    -0.217125040846153,
                    0.9181047873948225,
                    4.190592827628512
                ],
                [
                    0.0,
                    0.0,
                    0.0,
                    1.0
                ]
            ]
        },
        {
            "file_path": "images/frame_00024.jpeg",
            "transform_matrix": [
                [
                    0.05191101814052639,
                    -0.9695359862922711,
                    -0.2393850819911025,
                    0.4990050082184816
                ],
                [
                    0.9373361762034894,
                    0.13000323677295356,
                    -0.3232646767105498,
                    -1.2688522097051744
                ],
                [
                    0.34453757266201723,
                    -0.20760329889678608,
                    0.9155297544653241,
                    4.081282753633062
                ],
                [
                    0.0,
                    0.0,
                    0.0,
                    1.0
                ]
            ]
        },
        {
            "file_path": "images/frame_00025.jpeg",
            "transform_matrix": [
                [
                    0.0323196976252666,
                    -0.9774516233912215,
                    -0.20867141892285396,
                    0.46138420839149324
                ],
                [
                    0.9322772436456301,
                    0.10474480227463831,
                    -0.34624798537602125,
                    -1.4133870796311734
                ],
                [
                    0.3602979019171744,
                    -0.1833489850703101,
                    0.914641225589449,
                    3.962864501025514
                ],
                [
                    0.0,
                    0.0,
                    0.0,
                    1.0
                ]
            ]
        },
        {
            "file_path": "images/frame_00026.jpeg",
            "transform_matrix": [
                [
                    0.028477098862230637,
                    -0.9784274864613155,
                    -0.20461844632726328,
                    0.39150043927832534
                ],
                [
                    0.926252971137559,
                    0.10279208132849002,
                    -0.3626144253542619,
                    -1.550422173986484
                ],
                [
                    0.3758250767301661,
                    -0.17920223702049448,
                    0.909198586639693,
                    3.84452822001844
                ],
                [
                    0.0,
                    0.0,
                    0.0,
                    1.0
                ]
            ]
        },
        {
            "file_path": "images/frame_00027.jpeg",
            "transform_matrix": [
                [
                    0.0246062966308191,
                    -0.9700351531597728,
                    -0.24171539421479202,
                    0.31676336265466903
                ],
                [
                    0.9129923857757125,
                    0.12029972624403693,
                    -0.3898369907809959,
                    -1.6653600764942889
                ],
                [
                    0.40723388081259726,
                    -0.21109186981005676,
                    0.8885948395182167,
                    3.7134409196806777
                ],
                [
                    0.0,
                    0.0,
                    0.0,
                    1.0
                ]
            ]
        },
        {
            "file_path": "images/frame_00028.jpeg",
            "transform_matrix": [
                [
                    0.03417585278164277,
                    -0.9776464763658759,
                    -0.20745934140461025,
                    0.2566918305579662
                ],
                [
                    0.886658962677798,
                    0.12544328231359125,
                    -0.4450841120794175,
                    -1.7644739927183175
                ],
                [
                    0.46115929459328736,
                    -0.16873455535775653,
                    0.8711261417489672,
                    3.5670325413243265
                ],
                [
                    0.0,
                    0.0,
                    0.0,
                    1.0
                ]
            ]
        },
        {
            "file_path": "images/frame_00029.jpeg",
            "transform_matrix": [
                [
                    0.03351515058258778,
                    -0.986453909750375,
                    -0.16057838777253264,
                    0.19472965477933063
                ],
                [
                    0.8720658608135147,
                    0.10735280865759694,
                    -0.47746885644710774,
                    -1.8655618840718107
                ],
                [
                    0.48823956116338,
                    -0.12403248933857926,
                    0.863850723506941,
                    3.4262073602304057
                ],
                [
                    0.0,
                    0.0,
                    0.0,
                    1.0
                ]
            ]
        },
        {
            "file_path": "images/frame_00030.jpeg",
            "transform_matrix": [
                [
                    0.019156790598160223,
                    -0.9913629010358345,
                    -0.12974057123272129,
                    0.11696016426397457
                ],
                [
                    0.8420606827821822,
                    0.08595908178178156,
                    -0.5324892888797278,
                    -1.9643409230024638
                ],
                [
                    0.5390425065673239,
                    -0.09904864819394343,
                    0.8364344214608633,
                    3.290584516671896
                ],
                [
                    0.0,
                    0.0,
                    0.0,
                    1.0
                ]
            ]
        },
        {
            "file_path": "images/frame_00031.jpeg",
            "transform_matrix": [
                [
                    0.023249114423116498,
                    -0.9912878523099052,
                    -0.12964517939883569,
                    0.04746453298322368
                ],
                [
                    0.8192983219077749,
                    0.09320558608720493,
                    -0.5657410878142444,
                    -2.0612769115336183
                ],
                [
                    0.5728959228321012,
                    -0.09306509864044674,
                    0.8143274212608825,
                    3.155761007728331
                ],
                [
                    0.0,
                    0.0,
                    0.0,
                    1.0
                ]
            ]
        },
        {
            "file_path": "images/frame_00032.jpeg",
            "transform_matrix": [
                [
                    0.06566054852514502,
                    -0.9924678573000331,
                    -0.10342265029314428,
                    -0.010600016395389376
                ],
                [
                    0.7792078314105176,
                    0.11574192067108166,
                    -0.6159861713284539,
                    -2.1606536849930444
                ],
                [
                    0.6233168117706239,
                    -0.04014174916031904,
                    0.7809384048300189,
                    3.0186403049011736
                ],
                [
                    0.0,
                    0.0,
                    0.0,
                    1.0
                ]
            ]
        },
        {
            "file_path": "images/frame_00033.jpeg",
            "transform_matrix": [
                [
                    0.07482366780793369,
                    -0.9931145361129319,
                    -0.09013843185325618,
                    -0.0645194824324093
                ],
                [
                    0.7267349555559444,
                    0.116202418649261,
                    -0.6770179482651562,
                    -2.265440597643867
                ],
                [
                    0.6828306694260793,
                    -0.014849783205757772,
                    0.7304257394354846,
                    2.8863181538752714
                ],
                [
                    0.0,
                    0.0,
                    0.0,
                    1.0
                ]
            ]
        },
        {
            "file_path": "images/frame_00034.jpeg",
            "transform_matrix": [
                [
                    0.06638264438026423,
                    -0.9933016924851713,
                    -0.0945784977210871,
                    -0.13217423403869366
                ],
                [
                    0.674855151752727,
                    0.11451448273301935,
                    -0.7290109446347105,
                    -2.3604444184065856
                ],
                [
                    0.7349584128900679,
                    -0.015433112145102722,
                    0.6779365386019768,
                    2.745737808031426
                ],
                [
                    0.0,
                    0.0,
                    0.0,
                    1.0
                ]
            ]
        },
        {
            "file_path": "images/frame_00035.jpeg",
            "transform_matrix": [
                [
                    0.11189730674890416,
                    -0.9897060136217014,
                    -0.089224432435194,
                    -0.19939106670860726
                ],
                [
                    0.6336884944883542,
                    0.14023102878017268,
                    -0.7607720752763849,
                    -2.4424994211568714
                ],
                [
                    0.7654527318492138,
                    0.02858785001176613,
                    0.6428567882011357,
                    2.598432026186213
                ],
                [
                    0.0,
                    0.0,
                    0.0,
                    1.0
                ]
            ]
        },
        {
            "file_path": "images/frame_00036.jpeg",
            "transform_matrix": [
                [
                    0.13090126301776456,
                    -0.9899514707801269,
                    -0.05348780085793263,
                    -0.24471357507722144
                ],
                [
                    0.5709063878667011,
                    0.11937954130313198,
                    -0.8122896167077661,
                    -2.526565047559071
                ],
                [
                    0.8105126498910117,
                    0.07579320958052672,
                    0.5807965510814717,
                    2.4569641017432917
                ],
                [
                    0.0,
                    0.0,
                    0.0,
                    1.0
                ]
            ]
        },
        {
            "file_path": "images/frame_00037.jpeg",
            "transform_matrix": [
                [
                    0.10004912314656886,
                    -0.9926915487385896,
                    -0.06748082705912344,
                    -0.274267292499116
                ],
                [
                    0.5296608200057491,
                    0.11054970529409823,
                    -0.8409745408811289,
                    -2.621179453077398
                ],
                [
                    0.8422883049814002,
                    0.04839681520894384,
                    0.5368502207964443,
                    2.3124292248075045
                ],
                [
                    0.0,
                    0.0,
                    0.0,
                    1.0
                ]
            ]
        },
        {
            "file_path": "images/frame_00039.jpeg",
            "transform_matrix": [
                [
                    0.15057176464534702,
                    -0.9873021010564982,
                    -0.05062316605083384,
                    -0.24831341563527481
                ],
                [
                    0.4753886418059888,
                    0.11720843592116106,
                    -0.8719333815096036,
                    -2.8183929292011465
                ],
                [
                    0.8667951216599243,
                    0.10722286975426072,
                    0.4870004859014182,
                    2.0473614027700258
                ],
                [
                    0.0,
                    0.0,
                    0.0,
                    1.0
                ]
            ]
        },
        {
            "file_path": "images/frame_00038.jpeg",
            "transform_matrix": [
                [
                    0.12262856863094224,
                    -0.9906447452104183,
                    -0.059876731227675735,
                    -0.28447880791952995
                ],
                [
                    0.487831114535333,
                    0.11270762110110236,
                    -0.8656314434197414,
                    -2.7176862629654646
                ],
                [
                    0.8642818046486579,
                    0.07694141233896976,
                    0.4970885044139961,
                    2.1807438318275914
                ],
                [
                    0.0,
                    0.0,
                    0.0,
                    1.0
                ]
            ]
        },
        {
            "file_path": "images/frame_00040.jpeg",
            "transform_matrix": [
                [
                    0.16715391943283847,
                    -0.9831188749887656,
                    -0.0744099782224395,
                    -0.19354780872310062
                ],
                [
                    0.49871640752958163,
                    0.1494151801055529,
                    -0.8537898153613765,
                    -2.9214146280152766
                ],
                [
                    0.8504948630526986,
                    0.10560483698604414,
                    0.5152728464863277,
                    1.9120354753484559
                ],
                [
                    0.0,
                    0.0,
                    0.0,
                    1.0
                ]
            ]
        },
        {
            "file_path": "images/frame_00041.jpeg",
            "transform_matrix": [
                [
                    0.11374325585948278,
                    -0.9844010810504431,
                    -0.1342273570223413,
                    -0.1365996563774566
                ],
                [
                    0.47222899937341545,
                    0.17243489326117734,
                    -0.8644454752827323,
                    -3.0110891281640537
                ],
                [
                    0.8741065403583633,
                    0.03493879237645764,
                    0.48447604366986785,
                    1.7830908827699772
                ],
                [
                    0.0,
                    0.0,
                    0.0,
                    1.0
                ]
            ]
        },
        {
            "file_path": "images/frame_00042.jpeg",
            "transform_matrix": [
                [
                    0.08743832970391831,
                    -0.9846922508290367,
                    -0.15078365181887038,
                    -0.07984665751899607
                ],
                [
                    0.4244484672763959,
                    0.17376273241068116,
                    -0.8886225359802057,
                    -3.0981893975214883
                ],
                [
                    0.9012203044346632,
                    0.013699780378511986,
                    0.4331446396901078,
                    1.6584035116404119
                ],
                [
                    0.0,
                    0.0,
                    0.0,
                    1.0
                ]
            ]
        },
        {
            "file_path": "images/frame_00043.jpeg",
            "transform_matrix": [
                [
                    0.0924880864788108,
                    -0.9795625162095953,
                    -0.1786147549801365,
                    -0.030600294265684877
                ],
                [
                    0.3737357694105804,
                    0.20041985712637855,
                    -0.9056232414931296,
                    -3.1988361605759335
                ],
                [
                    0.9229125248486821,
                    0.01700463779585391,
                    0.38463399975933266,
                    1.5288433332442266
                ],
                [
                    0.0,
                    0.0,
                    0.0,
                    1.0
                ]
            ]
        },
        {
            "file_path": "images/frame_00044.jpeg",
            "transform_matrix": [
                [
                    0.09420535010880608,
                    -0.9714351214774338,
                    -0.21780531850944423,
                    -0.016529983534813376
                ],
                [
                    0.3773513741566863,
                    0.23729565872581876,
                    -0.895151780857269,
                    -3.2990413510157692
                ],
                [
                    0.9212661355075078,
                    0.0021389506780067928,
                    0.3889268986031427,
                    1.3980291955157171
                ],
                [
                    0.0,
                    0.0,
                    0.0,
                    1.0
                ]
            ]
        },
        {
            "file_path": "images/frame_00045.jpeg",
            "transform_matrix": [
                [
                    0.0791708076682194,
                    -0.9693107696207627,
                    -0.23274151995371722,
                    -0.02064550542192534
                ],
                [
                    0.33193520367709056,
                    0.2457846232888035,
                    -0.9107189135592986,
                    -3.389903261238187
                ],
                [
                    0.9399739378158365,
                    -0.005152751884739772,
                    0.3412073348786689,
                    1.2764477627162074
                ],
                [
                    0.0,
                    0.0,
                    0.0,
                    1.0
                ]
            ]
        },
        {
            "file_path": "images/frame_00046.jpeg",
            "transform_matrix": [
                [
                    0.08466688772010443,
                    -0.9728475823023915,
                    -0.21540450258103414,
                    -0.018739996780917617
                ],
                [
                    0.30543921926566936,
                    0.231113385486578,
                    -0.9237388626572504,
                    -3.486882448349179
                ],
                [
                    0.948439983055422,
                    0.012417111472637531,
                    0.3167134570625418,
                    1.1369916345989448
                ],
                [
                    0.0,
                    0.0,
                    0.0,
                    1.0
                ]
            ]
        },
        {
            "file_path": "images/frame_00047.jpeg",
            "transform_matrix": [
                [
                    0.09044080653242562,
                    -0.9687790670602635,
                    -0.23084102698526068,
                    -0.011750698286108197
                ],
                [
                    0.27880963764189237,
                    0.24715218805049646,
                    -0.927998373867028,
