{"keyframes": [{"matrix": "[-0.4705526358456998,-0.8823719071291534,1.1102230055249212e-16,0,0.7046664688012089,-0.37578560877500417,0.6018558415361507,0,-0.5310606767030617,0.2832048472958125,0.7986047896350704,0,-0.7097315788269037,0.6978457570075993,0.08586488664150205,1]", "fov": 50, "aspect": 1.5324324324324323, "properties": "[[\"FOV\",50],[\"NAME\",\"Camera 0\"],[\"TIME\",0]]"}, {"matrix": "[-0.15777436789861204,-0.9874751715492744,-5.5511150276246064e-17,0,0.7981860179594726,-0.1275305932517637,0.5887572832035349,0,-0.5813831882737485,0.09289080645223402,0.808309918514884,0,-0.7590033560017639,0.511763907471658,0.09556069584785543,1]", "fov": 50, "aspect": 1.5324324324324323, "properties": "[[\"FOV\",50],[\"NAME\",\"Camera 1\"],[\"TIME\",0.3333333333333333]]"}, {"matrix": "[0.04261267716765993,-0.9990916501185868,-1.665334508287382e-16,0,0.8308719605153541,0.03543786860484616,0.5553341811058199,0,-0.5548297329102293,-0.023664275733579144,0.8316273248474958,0,-0.7345637858234593,0.40448762000845595,0.11702183454488546,1]", "fov": 50, "aspect": 1.5324324324324323, "properties": "[[\"FOV\",50],[\"NAME\",\"Camera 2\"],[\"TIME\",0.6666666666666666]]"}, {"matrix": "[0.31949749792648374,-0.9475871012264735,1.110223005524921e-16,0,0.7965129808403136,0.2685599077014281,0.5417035696159219,0,-0.5133113055809313,-0.1730729318478636,0.8405696293137279,0,-0.6994104427516288,0.27798442409909835,0.12459321710860727,1]", "fov": 50, "aspect": 1.5324324324324323, "properties": "[[\"FOV\",50],[\"NAME\",\"Camera 3\"],[\"TIME\",1]]"}], "camera_type": "perspective", "render_height": 1080, "render_width": 1920, "camera_path": [{"camera_to_world": [-0.47055264394107, 0.7046664300423178, -0.5310606666394001, -0.7097315788269037, -0.882371922309447, -0.3757855881056037, 0.28320484192904777, 0.6978457570075993, 8.326672684688674e-17, 0.60185580843217, 0.798604774501417, 0.08586488664150205, 0, 0, 0, 1], "fov": 50, "aspect": 1.5324324324324323}, {"camera_to_world": [-0.46148032865332156, 0.7092020272061812, -0.5329806665092697, -0.7113061889865421, -0.8871504286673031, -0.36881152640786763, 0.27738452535085534, 0.6919934224086939, 0.000152254533284546, 0.6008415286873416, 0.7993681468655198, 0.08616231541409117, 0, 0, 0, 1], "fov": 50, "aspect": 1.5324324324324323}, {"camera_to_world": [-0.4522168702029169, 0.7136756610712438, -0.5349457478085057, -0.7129460344084254, -0.8919079686960641, -0.36166172817288667, 0.2714792252667996, 0.6860713441177686, 0.00027871192823095137, 0.599889860865746, 0.8000825439603948, 0.08644933175518524, 0, 0, 0, 1], "fov": 50, "aspect": 1.5324324324324323}, {"camera_to_world": [-0.4427750162370026, 0.7180785313251243, -0.5369483288420539, -0.714644366617149, -0.8966326670548881, -0.3543467291226473, 0.2654962446629324, 0.680086736999515, 0.0003812694068409673, 0.5990005162018088, 0.8007485474377121, 0.08672701281286999, 0, 0, 0, 1], "fov": 50, "aspect": 1.5324324324324323}, {"camera_to_world": [-0.43316800951581513, 0.7224022859672539, -0.5389809020377185, -0.7163944371373083, -0.9013130767217029, -0.3468776055076857, 0.2594429889739022, 0.6740468159186249, 0.00046180359970768303, 0.5981729382265136, 0.8013669089193133, 0.08699643573523104, 0, 0, 0, 1], "fov": 50, "aspect": 1.5324324324324323}, {"camera_to_world": [-0.42340955789722634, 0.7266390748828466, -0.5410360442102508, -0.7181894974934985, -0.9059382283713513, -0.33926593994635024, 0.2533269594174631, 0.6679587957397902, 0.0005221653501439882, 0.5974062912672752, 0.8019385578070347, 0.08725867767035415, 0, 0, 0, 1], "fov": 50, "aspect": 1.5324324324324323}, {"camera_to_world": [-0.4135137992207224, 0.7307816003520974, -0.5431064264404091, -0.720022799210315, -0.9104976768564286, -0.3315237818852915, 0.24715574539856527, 0.6618298913277023, 0.0005641746988487573, 0.5966994508387795, 0.8024646079894167, 0.08751481576632501, 0, 0, 0, 1], "fov": 50, "aspect": 1.5324324324324323}, {"camera_to_world": [-0.4034952615270355, 0.7348231638747177, -0.5451848234850076, -0.7218875938123533, -0.9149815442281299, -0.3236636031545687, 0.2409370160745514, 0.6556673175470531, 0.0005896160920904615, 0.5960509959945975, 0.8029463634183246, 0.08776592717122927, 0, 0, 0, 1], "fov": 50, "aspect": 1.5324324324324323}, {"camera_to_world": [-0.393368819128625, 0.738757708735094, -0.5472641226335097, -0.7237771328242085, -0.9193805587767598, -0.3156982491759338, 0.2346785111819637, 0.6494782892625343, 0.0006002338579481348, 0.595459203683782, 0.8033853225368212, 0.08801308903315266, 0, 0, 0, 1], "fov": 50, "aspect": 1.5324324324324323}, {"camera_to_world": [-0.3831496451163314, 0.7425798577916809, -0.5493373319275837, -0.7256846677704762, -0.9236860896259469, -0.30764088645836113, 0.22838803123334034, 0.6432700213388373, 0.0005977279957030402, 0.5949220451296123, 0.803783181548384, 0.08825737850018085, 0, 0, 0, 1], "fov": 50, "aspect": 1.5324324324324323}, {"camera_to_world": [-0.372853160946883, 0.7462849460442299, -0.5513975876621864, -0.7276034501757517, -0.9278901764796728, -0.2995049470786822, 0.22207342719901815, 0.6370497286406543, 0.000583750323000315, 0.5944371842197933, 0.8041418365266191, 0.08849987272039958, 0, 0, 0, 1], "fov": 50, "aspect": 1.5324324324324323}, {"camera_to_world": [-0.3624949838029386, 0.7498690476123014, -0.5534381610900421, -0.7295267315646302, -0.9319855541952091, -0.2913040708955445, 0.21574258979425667, 0.6308246260326769, 0.0005599010239572822, 0.5940019778693534, 0.8044633843737946, 0.08874164884189449, 0, 0, 0, 1], "fov": 50, "aspect": 1.5324324324324323}, {"camera_to_world": [-0.35209087245076814, 0.7533289968459763, -0.555452464255846, -0.7314477634617071, -0.9359656719359462, -0.28305204628052594, 0.20940343849588555, 0.6246019283795967, 0.0005277256390256447, 0.5936134782899071, 0.8047501226456619, 0.08898378401275131, 0, 0, 0, 1], "fov": 50, "aspect": 1.5324324324324323}, {"camera_to_world": [-0.34165667233975644, 0.7566624033824259, -0.5574340548919265, -0.733359797391578, -0.9398247067436476, -0.2747627501703069, 0.20306391041508667, 0.6183888505461054, 0.0004887125342215581, 0.5932684370724443, 0.8050045482689387, 0.08922735538105572, 0, 0, 0, 1], "fov": 50, "aspect": 1.5324324324324323}, {"camera_to_world": [-0.3312082606923146, 0.7598676610574268, -0.5593766403133826, -0.735256084878838, -0.943557571457504, -0.2664500882479687, 0.19673194915383482, 0.6121926073968947, 0.00044429088344002943, 0.5929633109660034, 0.8052293551863628, 0.08947344009489343, 0, 0, 0, 1], "fov": 50, "aspect": 1.5324324324324323}, {"camera_to_world": [-0.3207614923226922, 0.7629439506764456, -0.5612740802577088, -0.7371298774480824, -0.9471599169951026, -0.25812793604997597, 0.1904154937719358, 0.6060204137966566, 0.0003958291930959146, 0.5926942692120424, 0.8054274309721845, 0.0897231153023501, 0, 0, 0, 1], "fov": 50, "aspect": 1.5324324324324323}, {"camera_to_world": [-0.31033214689919875, 0.7658912367430131, -0.563120388621467, -0.7389744266239068, -0.9506281290957412, -0.24981008176887043, 0.18412246798954562, 0.5998794846100824, 0.0003446343934421781, 0.5924572022744664, 0.8056018524682318, 0.08997745815151145, 0, 0, 0, 1], "fov": 50, "aspect": 1.5324324324324323}, {"camera_to_world": [-0.299935878327504, 0.7687102583303906, -0.5649097340545062, -0.7407829839309062, -0.9539593197071986, -0.24151017148130555, 0.17786076974658924, 0.5937770347018642, 0.0002919515157802366, 0.5922477317885605, 0.8057558804970757, 0.09023754579046317, 0, 0, 0, 1], "fov": 50, "aspect": 1.5324324324324323}, {"camera_to_world": [-0.28958816688441624, 0.7714025143638155, -0.5666364393804083, -0.7425488008936763, -0.9571513132711802, -0.23324165747833736, 0.17163826123569653, 0.5877202789366934, 0.00023896396953984595, 0.5920612215387371, 0.8058929537142511, 0.09050445536729095, 0, 0, 0, 1], "fov": 50, "aspect": 1.5324324324324323}, {"camera_to_world": [-0.2793042746735442, 0.7739702436530669, -0.5682949798200732, -0.7442651290368123, -0.9602026282285043, -0.22501775031171975, 0.16546275951925102, 0.5817164321792619, 0.00018679442806648913, 0.5918927892653065, 0.8060166816658181, 0.09077926403008049, 0, 0, 0, 1], "fov": 50, "aspect": 1.5324324324324323}, {"camera_to_world": [-0.2690992049084741, 0.7764164000771956, -0.5698799800035049, -0.7459252198849096, -0.9631124541213503, -0.21685137509846242, 0.15934202783401552, 0.5757727092942615, 0.00013650632704231838, 0.5917373190944389, 0.8061308371207175, 0.0910630489269175, 0, 0, 0, 1], "fov": 50, "aspect": 1.5324324324324323}, {"camera_to_world": [-0.25898766545763174, 0.7787446233739039, -0.5713862097627508, -0.7475223249625634, -0.9658806247155656, -0.20875513254837366, 0.1532837676787071, 0.5698963251463838, 8.910597495187524e-05, 0.5915894743831632, 0.806239347749276, 0.09135688720588762, 0, 0, 0, 1], "fov": 50, "aspect": 1.5324324324324323}, {"camera_to_world": [-0.24898403700999128, 0.7809592060245372, -0.5728085787064748, -0.7490496957943693, -0.9685075876005493, -0.2007412650980745, 0.14729561177098577, 0.5640944946003205, 4.554527099977224e-05, 0.5914437107725037, 0.8063462872198763, 0.09166185601507662, 0, 0, 0, 1], "fov": 50, "aspect": 1.5324324324324323}, {"camera_to_world": [-0.2391023461443691, 0.7830650567516233, -0.5741421295836384, -0.7505005839049225, -0.9709943707473451, -0.19282162845235398, 0.14138511795075878, 0.5583744325207632, 6.725022526285485e-06, 0.5912942892465304, 0.806455865785112, 0.09197903250257013, 0, 0, 0, 1], "fov": 50, "aspect": 1.5324324324324323}, {"camera_to_world": [-0.22935624350923237, 0.7850676611594525, -0.5753820304501704, -0.7518682408188184, -0.9733425465174237, -0.1850076687519709, 0.13555976409664555, 0.5527433537724038, -2.65011486809269e-05, 0.591135289002939, 0.8065724204267717, 0.09230949381645388, 0, 0, 0, 1], "fov": 50, "aspect": 1.5324324324324323}, {"camera_to_world": [-0.21975898724663065, 0.7869730400497215, -0.5765235656581913, -0.7531459180606522, -0.9755541936156418, -0.17731040550814053, 0.12982694411205145, 0.5472084732199342, -5.332232362656453e-05, 0.5909606199514806, 0.8067004046257145, 0.09265431710481355, 0, 0, 0, 1], "fov": 50, "aspect": 1.5324324324324323}, {"camera_to_world": [-0.21032343172469364, 0.7887877059344646, -0.5775621256922868, -0.7543268671550196, -0.9776318574717285, -0.1697404203698065, 0.12419396502672561, 0.5417770057280455, -7.296524035177443e-05, 0.5907640346697876, 0.806844377818144, 0.09301457951573483, 0, 0, 0, 1], "fov": 50, "aspect": 1.5324324324324323}, {"camera_to_world": [-0.2010620215795401, 0.7905186182483116, -0.5784931958814458, -0.7554043396265155, -0.9795785095162985, -0.1623078517219506, 0.1186680452490578, 0.53645616616143, -8.468869876973595e-05, 0.5905391396615345, 0.8070089945940127, 0.09339135819730343, 0, 0, 0, 1], "fov": 50, "aspect": 1.5324324324324323}, {"camera_to_world": [-0.19198679101056224, 0.7921731377326503, -0.5793123440185565, -0.7563715869997356, -0.981397505790895, -0.15502239505290424, 0.11325631399384156, 0.5312531693847794, -8.777742893288641e-05, 0.5902794057790506, 0.8071989936863488, 0.09378573029760505, 0, 0, 0, 1], "fov": 50, "aspect": 1.5324324324324323}, {"camera_to_world": [-0.18310936822375662, 0.7937589804267683, -0.5800152069218134, -0.7572218607992752, -0.9830925452980862, -0.147893308976857, 0.10796581189990737, 0.526175230262785, -8.153543394467944e-05, 0.5899781776911185, 0.8074191867922387, 0.09419877296472536, 0, 0, 0, 1], "fov": 50, "aspect": 1.5324324324324323}, {"camera_to_world": [-0.17444098487663984, 0.7952841716568, -0.5805974759740394, -0.7579484125497296, -0.9846676284584276, -0.14092942675517559, 0.10280349284199217, 0.521229563660139, -6.527881625369159e-05, 0.5896286822964221, 0.8076744472570995, 0.09463156334675006, 0, 0, 0, 1], "fov": 50, "aspect": 1.5324324324324323}, {"camera_to_world": [-0.16599249034566121, 0.7967570003635958, -0.5810548816768092, -0.7585444937756941, -0.9861270159973324, -0.13413917312711926, 0.09777622693154937, 0.5164233844415327, -3.8328092751796494e-05, 0.5892240360036052, 0.8079696986438165, 0.09508517859176487, 0, 0, 0, 1], "fov": 50, "aspect": 1.5324324324324323}, {"camera_to_world": [-0.1577743706129562, 0.7981859740567095, -0.5813831772564695, -0.7590033560017639, -0.9874751885377604, -0.12753058623717634, 0.09289080469194244, 0.511763907471658, -1.2490009027033009e-16, 0.5887572508200166, 0.8083099031973171, 0.09556069584785543, 0, 0, 0, 1], "fov": 50, "aspect": 1.5324324324324323}, {"camera_to_world": [-0.14982373450519457, 0.7995728662065061, -0.5815806738580896, -0.7593255680995563, -0.9887127219511911, -0.1211357781060703, 0.0881661880456661, 0.5072650374198588, 4.506421892265522e-05, 0.5882255986345286, 0.8086968796033942, 0.09606540338037359, 0, 0, 0, 1], "fov": 50, "aspect": 1.5324324324324323}, {"camera_to_world": [-0.14215956652979037, 0.8009184056201798, -0.5816531313273329, -0.7595200429910918, -0.9898437499770971, -0.11497244606636778, 0.08361032996463065, 0.502929885618529, 9.096889778339999e-05, 0.5876317249641527, 0.809128511140421, 0.09660430549378765, 0, 0, 0, 1], "fov": 50, "aspect": 1.5324324324324323}, {"camera_to_world": [-0.13476471218964625, 0.8022290054115319, -0.5816073376642235, -0.7595925482765707, -0.9908776179062199, -0.10902651560171275, 0.07921341570873557, 0.49874947692693467, 0.00013667822535007315, 0.5869768664710506, 0.8096036928935595, 0.09717505339485813, 0, 0, 0, 1], "fov": 50, "aspect": 1.5324324324324323}, {"camera_to_world": [-0.1276217988063692, 0.803510232085313, -0.5814498975867424, -0.7595488515561943, -0.9918228892220262, -0.10328366951849817, 0.07496559228116696, 0.4947148362043426, 0.00018134138833971608, 0.5862625610978414, 0.8101210875975892, 0.09777529829034552, 0, 0, 0, 1], "fov": 50, "aspect": 1.5324324324324323}, {"camera_to_world": [-0.12071328099627893, 0.8047668544295034, -0.5811872450447927, -0.7593947204301632, -0.9926873896122123, -0.09772939780286574, 0.07085697784961852, 0.4908169883100191, 0.00022426770948433267, 0.5854906274371365, 0.8106791442286292, 0.0984026913870103, 0, 0, 0, 1], "fov": 50, "aspect": 1.5324324324324323}, {"camera_to_world": [-0.11402147878187777, 0.8060028909854586, -0.5808256555107364, -0.7591359224986782, -0.9934782494863612, -0.09234903956539743, 0.06687766958308425, 0.4870469581032306, 0.0002649035849772788, 0.5846631462769235, 0.8112761152725129, 0.099054883891613, 0, 0, 0, 1], "fov": 50, "aspect": 1.5324324324324323}, {"camera_to_world": [-0.1075286092204223, 0.8072216555345215, -0.5803712579334267, -0.7587782253619398, -0.9942019445286128, -0.08712781798840423, 0.06301775010348006, 0.4833957704432437, 0.0003028112396671334, 0.5837824442107573, 0.8119100726907305, 0.09972952701091412, 0, 0, 0, 1], "fov": 50, "aspect": 1.5324324324324323}, {"camera_to_world": [-0.10121681237114327, 0.8084258001499565, -0.5798300462595289, -0.7583273966201493, -0.9948643339100918, -0.08205086913320157, 0.05926729273482794, 0.4798544501893248, 0.00033764930673615967, 0.5828510792015307, 0.8125789226078638, 0.10042427195167414, 0, 0, 0, 1], "fov": 50, "aspect": 1.5324324324324323}, {"camera_to_world": [-0.0950681723614821, 0.8096173554556483, -0.5792078904407727, -0.7577892038735068, -0.9954706958661635, -0.07710326540538888, 0.05561636571696021, 0.47641402220074025, 0.0003691552302692025, 0.5818718279903479, 0.8132804187459497, 0.10113676992065357, 0, 0, 0, 1], "fov": 50, "aspect": 1.5324324324324323}, {"camera_to_world": [-0.08906473425255457, 0.8107977678099771, -0.5785105468588109, -0.7571694147222137, -0.9960257604101891, -0.07227003441723924, 0.052055035535823815, 0.47306551133675667, 0.0003971294834928321, 0.5808476752468668, 0.8140121746316107, 0.1018646721246129, 0, 0, 0, 1], "fov": 50, "aspect": 1.5324324324324323}, {"camera_to_world": [-0.08318851734651415, 0.8119679331966513, -0.5777436681107351, -0.7564737967664704, -0.9965337390101403, -0.06753617392961309, 0.04857336950859563, 0.4697999424566405, 0.00042142159203237273, 0.5797818043637688, 0.8147716746012555, 0.10260562977031265, 0, 0, 0, 1], "fov": 50, "aspect": 1.5324324324324323}, {"camera_to_world": [-0.07742152552477423, 0.8131282276559113, -0.5769128121081846, -0.7557081176064778, -0.9969983510989084, -0.06288666350266572, 0.04516143774903709, 0.466608340419658, 0.0004419179498432804, 0.578677589805117, 0.8155562836284608, 0.10335729406451329, 0, 0, 0, 1], "fov": 50, "aspect": 1.5324324324324323}, {"camera_to_world": [-0.07174575515702028, 0.8142785341311968, -0.5760234504515405, -0.7548781448424368, -0.9974228473249901, -0.058306473435982366, 0.04180931462687302, 0.46348173008507576, 0.00045853141514451423, 0.5775385909258433, 0.8163632559959645, 0.10411731621397534, 0, 0, 0, 1], "fov": 50, "aspect": 1.5324324324324323}, {"camera_to_world": [-0.06614320107722439, 0.8154182656397126, -0.5750809760480524, -0.7539896460745479, -0.9978100294789192, -0.05378057153533562, 0.03850707982450998, 0.4604111363121604, 0.0004711926743889845, 0.5763685471870021, 0.8171897428327205, 0.1048833474254593, 0, 0, 0, 1], "fov": 50, "aspect": 1.5324324324324323}, {"camera_to_world": [-0.060595861084864755, 0.8165463847018108, -0.5740907099490342, -0.7530483889030118, -0.9981622670536742, -0.049293928205474055, 0.035244819085130136, 0.4573875839601781, 0.0004798433637750733, 0.5751713746984249, 0.8180327985343071, 0.10565303890572565, 0, 0, 0, 1], "fov": 50, "aspect": 1.5324324324324323}, {"camera_to_world": [-0.05508573939751912, 0.8176614189851055, -0.5730579073865856, -0.7520601409280298, -0.9984815104155376, -0.044831520336513817, 0.03201262473811823, 0.4544020978883955, 0.0004844309398056787, 0.5739511640266799, 0.8188893860828115, 0.10642404186153492, 0, 0, 0, 1], "fov": 50, "aspect": 1.5324324324324323}, {"camera_to_world": [-0.04959484945507349, 0.8187614731359593, -0.5719877629947709, -0.7510306697498021, -0.9987693005766576, -0.04037833442576874, 0.028800596080899254, 0.451445702956079, 0.0004849052927405965, 0.5727121792115428, 0.8197563812802084, 0.1071940074996476, 0, 0, 0, 1], "fov": 50, "aspect": 1.5324324324324323}, {"camera_to_world": [-0.04410521645601746, 0.819844236784564, -0.5708854152038774, -0.7499657429685299, -0.9990267755728428, -0.0359193693572818, 0.025598839690579283, 0.448509424022495, 0.00048121709930012285, 0.5714588579382691, 0.8206305759073277, 0.10796058702682415, 0, 0, 0, 1], "fov": 50, "aspect": 1.5324324324324323}, {"camera_to_world": [-0.038598879992660866, 0.8209069887213338, -0.5697559497993716, -0.7488711281844137, -0.9992546734609076, -0.031439639247884295, 0.02239746973427992, 0.44558428594691013, 0.0004733179135170268, 0.5701958128155931, 0.8215086798188549, 0.10872143164982512, 0, 0, 0, 1], "fov": 50, "aspect": 1.5324324324324323}, {"camera_to_world": [-0.033057897144520065, 0.8219465972527057, -0.5686044026395513, -0.7477525929976544, -0.9994533319600245, -0.026924176761223464, 0.019186608343727762, 0.44266131358859073, 0.00046116199707024914, 0.5689278337104179, 0.8223873219834944, 0.109474192575411, 0, 0, 0, 1], "fov": 50, "aspect": 1.5324324324324323}, {"camera_to_world": [-0.027464346387454746, 0.8229595167546239, -0.5674357615276867, -0.7466159050084528, -0.99962268477192, -0.022358037289716023, 0.01595638611748857, 0.4397315318068032, 0.0004447098926441545, 0.5676598910893278, 0.8232630504775275, 0.11021652101034225, 0, 0, 0, 1], "fov": 50, "aspect": 1.5324324324324323}, {"camera_to_world": [-0.02180033268020077, 0.8239417804528945, -0.5662549672357381, -0.7454668318170096, -0.9997622546261746, -0.017726304408600946, 0.012696942813205176, 0.4367859654608141, 0.00042393374571780655, 0.5663971403142215, 0.8241323314395883, 0.1109460681613794, 0, 0, 0, 1], "fov": 50, "aspect": 1.5324324324324323}, {"camera_to_world": [-0.01604799409950178, 0.824888989472099, -0.5650669136775588, -0.7443111410235254, -0.9998711431101986, -0.013014097015913766, 0.009398428292292548, 0.4338156394098899, 0.00039882438157246545, 0.5651449268343118, 0.8249915469946059, 0.11166048523528299, 0, 0, 0, 1], "fov": 50, "aspect": 1.5324324324324323}, {"camera_to_world": [-0.01018951040978271, 0.8257962982097907, -0.5638764472299008, -0.7431546002282012, -0.9999480173594735, -0.00820657858694615, 0.006051003780739465, 0.43081157851329693, 0.0003694001450679237, 0.5639087922092565, 0.8258369921556132, 0.11235742343881344, 0, 0, 0, 1], "fov": 50, "aspect": 1.5324324324324323}, {"camera_to_world": [-0.004207113972839328, 0.8266583961111481, -0.5626883651995691, -0.7420029770312379, -0.9999910937032254, -0.003288968991156536, 0.002644843511944891, 0.42776480763030184, 0.0003357175107233926, 0.5626944808880919, 0.8266648707135399, 0.11303453397873132, 0, 0, 0, 1], "fov": 50, "aspect": 1.5324324324324323}, {"camera_to_world": [0.001916896573155481, 0.8274694859421176, -0.5615074134347791, -0.740862039032836, -0.999998118384713, 0.0017534406569820837, -0.0008298631791523736, 0.4246663516201709, 0.0002978834696578836, 0.5615079476557305, 0.8274712901272697, 0.11368946806179708, 0, 0, 0, 1], "fov": 50, "aspect": 1.5324324324324323}, {"camera_to_world": [0.008200139408534418, 0.8282232586873318, -0.5603382830781933, -0.7397375538331963, -0.9999663455046828, 0.00693526961475831, -0.00438290923704032, 0.4215072353421706, 0.0002560696977856941, 0.560355365642828, 0.8282522554292275, 0.11431987689477124, 0, 0, 0, 1], "fov": 50, "aspect": 1.5324324324324323}, {"camera_to_world": [0.014660128913744193, 0.8289128652337827, -0.5591856064583147, -0.7386352890325197, -0.9998925123721953, 0.012271025067661052, -0.008024066662752937, 0.4182784836555675, 0.00021052850607581296, 0.5592431347756623, 0.8290036621656376, 0.11492341168441429, 0, 0, 0, 1], "fov": 50, "aspect": 1.5324324324324323}, {"camera_to_world": [0.021314250818262596, 0.8295308850434411, -0.5580539521149379, -0.7375610122310069, -0.9997728124899579, 0.017775075066499824, -0.011763082601933714, 0.4149711214196281, 0.0001616105683787412, 0.5581778905200613, 0.8297212883954458, 0.11549772363748673, 0, 0, 0, 1], "fov": 50, "aspect": 1.5324324324324323}, {"camera_to_world": [0.028179732564503998, 0.8300692920688991, -0.5569478189532926, -0.7365204910288587, -0.9996028664524604, 0.023461616255047207, -0.015609674651498734, 0.4115761734936187, 0.00010978441497226483, 0.5571665127472553, 0.8304007857778344, 0.11604046396074907, 0, 0, 0, 1], "fov": 50, "aspect": 1.5324324324324323}, {"camera_to_world": [0.03527360830236489, 0.830519418226729, -0.5558716295204018, -0.735519493026276, -0.9993776910955914, 0.029344635768350433, -0.01957352528462274, 0.4080846647368059, 5.56576702045765e-05, 0.5562161345196293, 0.8310376697853505, 0.11654928386096183, 0, 0, 0, 1], "fov": 50, "aspect": 1.5324324324324323}, {"camera_to_world": [0.042612677900767094, 0.8308719148147603, -0.5548297223961413, -0.7345637858234593, -0.9990916673069221, 0.03543786665565118, -0.023664275285138363, 0.40448762000845595, -1.0755285551056204e-16, 0.5553341505606781, 0.8316273090880615, 0.11702183454488546, 0, 0, 0, 1], "fov": 50, "aspect": 1.5324324324324323}, {"camera_to_world": [0.05015717389873241, 0.8311396315428088, -0.553797048371853, -0.7336223473642852, -0.9987413355696049, 0.04171221976142557, -0.02785382105235684, 0.4008163326823206, -5.031038159963516e-05, 0.5544970726716767, 0.8321856727121701, 0.11746211541546975, 0, 0, 0, 1], "fov": 50, "aspect": 1.5324324324324323}, {"camera_to_world": [0.05785227540006785, 0.8313395150847985, -0.5527456240347874, -0.7326609644426324, -0.9983251505643088, 0.04812602042709511, -0.03210576129919996, 0.39710925307666806, -8.93408366195725e-05, 0.5536772496829021, 0.8327313463547485, 0.11787653950125995, 0, 0, 0, 1], "fov": 50, "aspect": 1.5324324324324323}, {"camera_to_world": [0.06569182274475685, 0.8314679200024301, -0.5516753415110233, -0.7316806179337046, -0.9978399523927177, 0.05467371433955005, -0.036417226270217276, 0.3933681414675404, -0.00011761534920800773, 0.5528760104825946, 0.8332635256624878, 0.11826637844740993, 0, 0, 0, 1], "fov": 50, "aspect": 1.5324324324324323}, {"camera_to_world": [0.07366941361590401, 0.8315213388514359, -0.5505861245365747, -0.7306822887127058, -0.9972827077058892, 0.06134948728284095, -0.04078530766026435, 0.3895947581309792, -0.00013567718576545928, 0.5520946508026032, 0.8337814330787492, 0.11863290389907345, 0, 0, 0, 1], "fov": 50, "aspect": 1.5324324324324323}, {"camera_to_world": [0.0817783942182496, 0.8314964214145816, -0.5494779298696438, -0.7296669576548398, -0.9966505272542029, 0.0681472556807827, -0.04520705771334294, 0.3857908633430265, -0.00014409373355331323, 0.5513344291062574, 0.8342843199527804, 0.11897738750140431, 0, 0, 0, 1], "fov": 50, "aspect": 1.5324324324324323}, {"camera_to_world": [0.09001185231103301, 0.8313899944615306, -0.5483507486570914, -0.7286356056353106, -0.9959406839076621, 0.07506065917030624, -0.04967948854867236, 0.381958217379724, -0.00014346105860017783, 0.5505965624249529, 0.8347714686456105, 0.11930110089955635, 0, 0, 0, 1], "fov": 50, "aspect": 1.5324324324324323}, {"camera_to_world": [0.09836261217456774, 0.8311990819191353, -0.5472046077501379, -0.7275892135293218, -0.995150631040667, 0.08208305528814752, -0.054199571713486105, 0.3780985805171135, -0.00013440817677633915, 0.5498822221633916, 0.8352421946256622, 0.11960531573868337, 0, 0, 0, 1], "fov": 50, "aspect": 1.5324324324324323}, {"camera_to_world": [0.10682323158297269, 0.830920925320502, -0.54603957096413, -0.7265287622120776, -0.9942780211611681, 0.08920751634607464, -0.0587642379615066, 0.3742137130312369, -0.00011760103034302169, 0.5491925298944673, 0.835695848546654, 0.11989130366393914, 0, 0, 0, 1], "fov": 50, "aspect": 1.5324324324324323}, {"camera_to_world": [0.11538600084619081, 0.8305530043867213, -0.5448557402771064, -0.7254552325587817, -0.9933207246505935, 0.09642682855990761, -0.06337037725544989, 0.37030537519813594, -9.374616105176789e-05, 0.5485285531657116, 0.8361318182999546, 0.12016033632047753, 0, 0, 0, 1], "fov": 50, "aspect": 1.5324324324324323}, {"camera_to_world": [0.12404294397273455, 0.830093057581737, -0.5436532569618066, -0.7243696054446381, -0.9922768484683957, 0.10373349348509445, -0.06801483899125661, 0.3663753272938525, -6.359406998381058e-05, 0.5478913013399475, 0.8365495310331679, 0.12041368535345226, 0, 0, 0, 1], "fov": 50, "aspect": 1.5324324324324323}, {"camera_to_world": [0.13278582199057554, 0.8295391024687847, -0.5424323026457498, -0.7232728617448505, -0.9911447546637765, 0.11111973179664057, -0.07269443244104064, 0.3624253295944284, -2.7942253788666715e-05, 0.547281721493351, 0.8369484551264222, 0.12065262240801722, 0, 0, 0, 1], "fov": 50, "aspect": 1.5324324324324323}, {"camera_to_world": [0.14160613844736492, 0.8288894556864461, -0.5411931002940197, -0.7221659823346228, -0.98992307852742, 0.11857748943386644, -0.07740592741099944, 0.3584571423759055, 1.2362093187653911e-05, 0.5467006943944632, 0.8373281021175574, 0.12087841912932618, 0, 0, 0, 1], "fov": 50, "aspect": 1.5324324324324323}, {"camera_to_world": [0.15049514709288297, 0.8281427523539636, -0.539935915109463, -0.7210499480891591, -0.9886107462081862, 0.12609844611096613, -0.08214605510974456, 0.35447252591432554, 5.641972120157268e-05, 0.5461490305878073, 0.8376880285672068, 0.12109234716253293, 0, 0, 0, 1], "fov": 50, "aspect": 1.5324324324324323}, {"camera_to_world": [0.15944386172650754, 0.8272979647093434, -0.5386610553451182, -0.719925739883663, -0.9872069916139843, 0.1336740261729024, -0.0869115092216964, 0.3504732404857305, 0.00010327732159980119, 0.5456274666056542, 0.8380278378546208, 0.12129567815279131, 0, 0, 0, 1], "fov": 50, "aspect": 1.5324324324324323}, {"camera_to_world": [0.16844306817083013, 0.8263544197802035, -0.5373688730238477, -0.7187943385933384, -0.9857113724126969, 0.1412954117530934, -0.09169894717935236, 0.346461046366162, 0.00015192588635108697, 0.5451366613311261, 0.838347181894994, 0.12148968374525511, 0, 0, 0, 1], "fov": 50, "aspect": 1.5324324324324323}, {"camera_to_world": [0.17748333830967425, 0.8253118158865408, -0.5360597645603653, -0.7176567250933894, -0.9841237849483112, 0.14895355816498096, -0.09650499162738556, 0.34243770383166183, 0.00020129943823538055, 0.5446771925352228, 0.8386457627690513, 0.12167563558507813, 0, 0, 0, 1], "fov": 50, "aspect": 1.5324324324324323}, {"camera_to_world": [0.18655504610507562, 0.8241702377767944, -0.5347341712810911, -0.7165138802590197, -0.9824444778895087, 0.15663921143433343, -0.101326232070679, 0.3384049731582721, 0.00025027413774372786, 0.5442495536095298, 0.8389233342556897, 0.12185480531741419, 0, 0, 0, 1], "fov": 50, "aspect": 1.5324324324324323}, {"camera_to_world": [0.1956483854836855, 0.8229301702039129, -0.5333925798375772, -0.7153667849654333, -0.9806740644329927, 0.16434292785347815, -0.10615922669754665, 0.3343646146220344, 0.0002976677708996789, 0.543854150515288, 0.8391797032586005, 0.12202846458741708, 0, 0, 0, 1], "fov": 50, "aspect": 1.5324324324324323}, {"camera_to_world": [0.2047533899590457, 0.8215925097566542, -0.5320355225095791, -0.7142164200878339, -0.9788135328918994, 0.17205509541308112, -0.11100050436855748, 0.3303183884989907, 0.00034223962011649406, 0.5434912989682148, 0.8394147311179886, 0.12219788504024061, 0, 0, 0, 1], "fov": 50, "aspect": 1.5324324324324323}, {"camera_to_world": [0.21385995383272588, 0.820158574773079, -0.5306635773942434, -0.7130637665014253, -0.9768642555107026, 0.17976595694210867, -0.11584656676056107, 0.3262680550651827, 0.0003826907179028117, 0.543161221876967, 0.8396283347987575, 0.12236433832103862, 0, 0, 0, 1], "fov": 50, "aspect": 1.5324324324324323}, {"camera_to_world": [0.22295785479494745, 0.8186301131780628, -0.5292773684782933, -0.7119098050814118, -0.9748279953620622, 0.1874656347627669, -0.12069389065473131, 0.3222153745966522, 0.0004176644807667025, 0.542864047051437, 0.8398204879468686, 0.12252909607496487, 0, 0, 0, 1], "fov": 50, "aspect": 1.5324324324324323}, {"camera_to_world": [0.23203677772452813, 0.817009308104506, -0.5278775655905582, -0.7107555167029967, -0.9727069111979156, 0.19514415664504423, -0.12553893035670127, 0.31816210736944117, 0.0004457477181002285, 0.5425998051952199, 0.8399912218059669, 0.12269342994717318, 0, 0, 0, 1], "fov": 50, "aspect": 1.5324324324324323}, {"camera_to_world": [0.24108633946928026, 0.8152987811785185, -0.5264648842326762, -0.7096018822413845, -0.9705035601465419, 0.20279148282551288, -0.13037812023616996, 0.31411001365959135, 0.0004654720082106767, 0.5423684281945731, 0.840140625986839, 0.12285861158281736, 0, 0, 0, 1], "fov": 50, "aspect": 1.5324324324324323}, {"camera_to_world": [0.25009611437184454, 0.8135015933719094, -0.5250400852863232, -0.7084498825717785, -0.9682208981690834, 0.2103975338377684, -0.13520787737272852, 0.31006085374314457, 0.00047531543106560403, 0.5421697477140801, 0.8402688490827751, 0.12302591262705123, 0, 0, 0, 1], "fov": 50, "aspect": 1.5324324324324323}, {"camera_to_world": [0.25905566029276067, 0.8116212433504373, -0.5236039745958504, -0.7073004985693829, -0.9658622782126816, 0.2179522188877494, -0.14002460429408564, 0.30601638789614266, 0.00047370464479160057, 0.542003494107, 0.8403760991245007, 0.1231966047250286, 0, 0, 0, 1], "fov": 50, "aspect": 1.5324324324324323}, {"camera_to_world": [0.2679545448727429, 0.8096616632730051, -0.5221574024257744, -0.7061547111094016, -0.9634314460225847, 0.22544546449656766, -0.14482469179238275, 0.3019783763946274, 0.000459017290578942, 0.5418692956460235, 0.8404626438689641, 0.1233719595219032, 0, 0, 0, 1], "fov": 50, "aspect": 1.5324324324324323}, {"camera_to_world": [0.2767823717699226, 0.8076272120248608, -0.5207012627931367, -0.7050135010670384, -0.9609325336018106, 0.2328672431267197, -0.14960452180387657, 0.2979485795146406, 0.00042958470846199415, 0.5417666780778531, 0.8405288109169526, 0.12355324866282892, 0, 0, 0, 1], "fov": 50, "aspect": 1.5324324324324323}, {"camera_to_world": [0.2855288066054828, 0.8055226658963015, -0.5192364926753168, -0.7038778493174971, -0.9583700503337103, 0.2402076015048595, -0.15436047033694944, 0.29392875753222425, 0.000383694944506921, 0.5416950645027127, 0.8405749876552309, 0.12374174379295959, 0, 0, 0, 1], "fov": 50, "aspect": 1.5324324324324323}, {"camera_to_world": [0.2941836023527404, 0.8033532067468473, -0.5177640710944726, -0.7027487367359817, -0.955748871809506, 0.24745668835584334, -0.1590889104331777, 0.28992067072342, 0.0003195960283223775, 0.5416537755776437, 0.8406016210196495, 0.12393871655744894, 0, 0, 0, 1], "fov": 50, "aspect": 1.5324324324324323}, {"camera_to_world": [0.3027366239103881, 0.8011244077227423, -0.5162850180803484, -0.7016271441976958, -0.9530742264290472, 0.25460478126854125, -0.16378621514606118, 0.28592607936426967, 0.00023549949853407526, 0.5416420300402136, 0.8406092170764621, 0.12414543860145077, 0, 0, 0, 1], "fov": 50, "aspect": 1.5324324324324323}, {"camera_to_world": [0.3111778716102239, 0.7988422166224113, -0.5148003935137613, -0.7005140525778437, -0.9503516798680782, 0.2616423124239017, -0.16844876052199123, 0.28194674373081524, 0.0001295841529898589, 0.5416589455471642, 0.840598340419895, 0.12436318157011894, 0, 0, 0, 1], "fov": 50, "aspect": 1.5324324324324323}], "fps": 24, "seconds": 4, "smoothness_value": 0.5, "is_cycle": false, "crop": null}