{
    "w": 478,
    "h": 850,
    "fl_x": 812.3069756294072,
    "fl_y": 737.0117921614411,
    "cx": 240.5841614671532,
    "cy": 411.1515401237972,
    "k1": -0.027317603572875722,
    "k2": -0.04315081414608156,
    "p1": 0.05614896339703615,
    "p2": 0.0016352536479463454,
    "camera_model": "OPENCV",
    "frames": [
        {
            "file_path": "images/frame_00333.png",
            "transform_matrix": [
                [
                    0.7278998036463437,
                    0.2969178970951047,
                    -0.618062810915068,
                    -2.8365452932218678
                ],
                [
                    -0.37355150096353357,
                    -0.5841598216430078,
                    -0.7205668455500162,
                    -0.3759761098505434
                ],
                [
                    -0.5749966538854859,
                    0.7553787560969862,
                    -0.31429569334921625,
                    -3.3349654809281244
                ],
                [
                    0.0,
                    0.0,
                    0.0,
                    1.0
                ]
            ],
            "colmap_im_id": 333
        },
        {
            "file_path": "images/frame_00332.png",
            "transform_matrix": [
                [
                    0.7276385306446747,
                    0.29569786600351733,
                    -0.6189547162452395,
                    -2.8319095766615634
                ],
                [
                    -0.3755511095510362,
                    -0.5833501373441337,
                    -0.7201832970678825,
                    -0.3712173830797043
                ],
                [
                    -0.5740239828058098,
                    0.7564822465210577,
                    -0.31341837511895987,
                    -3.3344732838863815
                ],
                [
                    0.0,
                    0.0,
                    0.0,
                    1.0
                ]
            ],
            "colmap_im_id": 332
        },
        {
            "file_path": "images/frame_00331.png",
            "transform_matrix": [
                [
                    0.7278905900287522,
                    0.2959344556438769,
                    -0.6185451373265796,
                    -2.8218098231766358
                ],
                [
                    -0.3755492288930915,
                    -0.5826901495837,
                    -0.720718368196572,
                    -0.3771156948651781
                ],
                [
                    -0.5737055565578907,
                    0.7568982676297306,
                    -0.31299672016446667,
                    -3.34287472010086
                ],
                [
                    0.0,
                    0.0,
                    0.0,
                    1.0
                ]
            ],
            "colmap_im_id": 331
        },
        {
            "file_path": "images/frame_00330.png",
            "transform_matrix": [
                [
                    0.7270620412450688,
                    0.2950920902359555,
                    -0.6199205162444045,
                    -2.8269331910634063
                ],
                [
                    -0.378458931654206,
                    -0.5810990958629492,
                    -0.7204808656990275,
                    -0.3797532088275176
                ],
                [
                    -0.5728434561306528,
                    0.7584487451815302,
                    -0.3108148575934733,
                    -3.3437325780542246
                ],
                [
                    0.0,
                    0.0,
                    0.0,
                    1.0
                ]
            ],
            "colmap_im_id": 330
        },
        {
            "file_path": "images/frame_00329.png",
            "transform_matrix": [
                [
                    0.7287511643912983,
                    0.29919516811178953,
                    -0.6159577840866085,
                    -2.797449517492126
                ],
                [
                    -0.3726485392207987,
                    -0.581372787296015,
                    -0.7232833113021946,
                    -0.3971949398528532
                ],
                [
                    -0.5745039657086205,
                    0.7566293237578229,
                    -0.31218145334860575,
                    -3.3695089490346053
                ],
                [
                    0.0,
                    0.0,
                    0.0,
                    1.0
                ]
            ],
            "colmap_im_id": 329
        },
        {
            "file_path": "images/frame_00328.png",
            "transform_matrix": [
                [
                    0.7277942537989556,
                    0.2972516453287653,
                    -0.6180266850926127,
                    -2.7969423542490417
                ],
                [
                    -0.377435652590098,
                    -0.578805952382575,
                    -0.7228595974602449,
                    -0.39742032621941104
                ],
                [
                    -0.5725887287496222,
                    0.7593583665410177,
                    -0.3090582774705271,
                    -3.368590394805743
                ],
                [
                    0.0,
                    0.0,
                    0.0,
                    1.0
                ]
            ],
            "colmap_im_id": 328
        },
        {
            "file_path": "images/frame_00327.png",
            "transform_matrix": [
                [
                    0.729449380675355,
                    0.3008837386618745,
                    -0.6143065821242629,
                    -2.7516045997317224
                ],
                [
                    -0.37241346260835595,
                    -0.578609517029,
                    -0.7256164549343695,
                    -0.4052535584548874
                ],
                [
                    -0.5737698265858842,
                    0.7580765150117236,
                    -0.3100131988920539,
                    -3.3968437755737018
                ],
                [
                    0.0,
                    0.0,
                    0.0,
                    1.0
                ]
            ],
            "colmap_im_id": 327
        },
        {
            "file_path": "images/frame_00326.png",
            "transform_matrix": [
                [
                    0.7296879961367602,
                    0.30140153797577374,
                    -0.6137691269522749,
                    -2.7295325574629494
                ],
                [
                    -0.37392112165276153,
                    -0.5756261672733864,
                    -0.7272121494667785,
                    -0.3991123600108997
                ],
                [
                    -0.5724844304222259,
                    0.7601392164965504,
                    -0.307327103373832,
                    -3.405364954074655
                ],
                [
                    0.0,
                    0.0,
                    0.0,
                    1.0
                ]
            ],
            "colmap_im_id": 326
        },
        {
            "file_path": "images/frame_00325.png",
            "transform_matrix": [
                [
                    0.7293249546810407,
                    0.30106525544513707,
                    -0.6143653818724264,
                    -2.7170947869691537
                ],
                [
                    -0.3764734020723976,
                    -0.5732001542524274,
                    -0.7278113496621417,
                    -0.3897357380920908
                ],
                [
                    -0.5712730415585289,
                    0.7621032050377088,
                    -0.3047061155600911,
                    -3.4030109961051087
                ],
                [
                    0.0,
                    0.0,
                    0.0,
                    1.0
                ]
            ],
            "colmap_im_id": 325
        },
        {
            "file_path": "images/frame_00324.png",
            "transform_matrix": [
                [
                    0.7306742042808548,
                    0.29954731553158237,
                    -0.6135035557813519,
                    -2.7097027902830653
                ],
                [
                    -0.37895548627008363,
                    -0.5695261177372178,
                    -0.729405744864254,
                    -0.4221372926527461
                ],
                [
                    -0.5678978311495335,
                    0.7654485005361206,
                    -0.30262294427663694,
                    -3.3894186202637484
                ],
                [
                    0.0,
                    0.0,
                    0.0,
                    1.0
                ]
            ],
            "colmap_im_id": 324
        },
        {
            "file_path": "images/frame_00323.png",
            "transform_matrix": [
                [
                    0.7319434496660078,
                    0.300921370667219,
                    -0.6113142523831637,
                    -2.6865423936577284
                ],
                [
                    -0.3797797979601259,
                    -0.5647202535501189,
                    -0.7327061759611795,
                    -0.4626857011854466
                ],
                [
                    -0.5657084863711964,
                    0.768464289284838,
                    -0.299059433125856,
                    -3.349752858516083
                ],
                [
                    0.0,
                    0.0,
                    0.0,
                    1.0
                ]
            ],
            "colmap_im_id": 323
        },
        {
            "file_path": "images/frame_00322.png",
            "transform_matrix": [
                [
                    0.7334575102945712,
                    0.3014942599666985,
                    -0.609213666786639,
                    -2.6646731999581483
                ],
                [
                    -0.38080750175644595,
                    -0.5601435960123298,
                    -0.7356798206097475,
                    -0.5007172967521057
                ],
                [
                    -0.5630503771408946,
                    0.7715830240832859,
                    -0.29603025140682454,
                    -3.2949822876490393
                ],
                [
                    0.0,
                    0.0,
                    0.0,
                    1.0
                ]
            ],
            "colmap_im_id": 322
        },
        {
            "file_path": "images/frame_00321.png",
            "transform_matrix": [
                [
                    0.7361886285786641,
                    0.304494674401172,
                    -0.6044082200076288,
                    -2.6201433667581453
                ],
                [
                    -0.37780069840641745,
                    -0.5560621211848568,
                    -0.740311792197734,
                    -0.5370981721233883
                ],
                [
                    -0.5615095149996027,
                    0.7733549706601244,
                    -0.29432830974982505,
                    -3.2446501676445227
                ],
                [
                    0.0,
                    0.0,
                    0.0,
                    1.0
                ]
            ],
            "colmap_im_id": 321
        },
        {
            "file_path": "images/frame_00320.png",
            "transform_matrix": [
                [
                    0.7391267595693024,
                    0.3105709123928762,
                    -0.5976933508614926,
                    -2.5691429837107744
                ],
                [
                    -0.3745951859332944,
                    -0.5479421183198756,
                    -0.7479558019339967,
                    -0.5624929377405867
                ],
                [
                    -0.5597946766129377,
                    0.7767272000815884,
                    -0.28866031367202655,
                    -3.1811397632238214
                ],
                [
                    0.0,
                    0.0,
                    0.0,
                    1.0
                ]
            ],
            "colmap_im_id": 320
        },
        {
            "file_path": "images/frame_00319.png",
            "transform_matrix": [
                [
                    0.7405108994680298,
                    0.3188613107380501,
                    -0.5915835294220606,
                    -2.5370944145597236
                ],
                [
                    -0.3723708589346906,
                    -0.538116103331242,
                    -0.7561554091268808,
                    -0.592136535298019
                ],
                [
                    -0.5594493285234063,
                    0.7802297891326713,
                    -0.2797461795354804,
                    -3.1069117163120685
                ],
                [
                    0.0,
                    0.0,
                    0.0,
                    1.0
                ]
            ],
            "colmap_im_id": 319
        },
        {
            "file_path": "images/frame_00318.png",
            "transform_matrix": [
                [
                    0.7417981239199881,
                    0.33266206199602444,
                    -0.5822984594323939,
                    -2.5060033208180803
                ],
                [
                    -0.36942996753362506,
                    -0.5219628654482265,
                    -0.7688148451878265,
                    -0.6342074019821466
                ],
                [
                    -0.5596937041247567,
                    0.7854239107651549,
                    -0.26429573958253544,
                    -3.0250891970270484
                ],
                [
                    0.0,
                    0.0,
                    0.0,
                    1.0
                ]
            ],
            "colmap_im_id": 318
        },
        {
            "file_path": "images/frame_00317.png",
            "transform_matrix": [
                [
                    0.743392393401564,
                    0.34627810609574106,
                    -0.5722405286865316,
                    -2.4691565098900923
                ],
                [
                    -0.3663192769354161,
                    -0.5050450871091089,
                    -0.7814983348238604,
                    -0.6585186206768247
                ],
                [
                    -0.5596230309576335,
                    0.790582654265637,
                    -0.24859833063818457,
                    -2.950409004823555
                ],
                [
                    0.0,
                    0.0,
                    0.0,
                    1.0
                ]
            ],
            "colmap_im_id": 317
        },
        {
            "file_path": "images/frame_00316.png",
            "transform_matrix": [
                [
                    0.7447842359131982,
                    0.36049244152844756,
                    -0.5615528840065308,
                    -2.4252850153066445
                ],
                [
                    -0.3643281025916892,
                    -0.4853628749424135,
                    -0.7947879675042737,
                    -0.6854847675169732
                ],
                [
                    -0.5590719771166615,
                    0.7965350458256646,
                    -0.23015309073391382,
                    -2.8441290247699613
                ],
                [
                    0.0,
                    0.0,
                    0.0,
                    1.0
                ]
            ],
            "colmap_im_id": 316
        },
        {
            "file_path": "images/frame_00315.png",
            "transform_matrix": [
                [
                    0.7456068935204985,
                    0.36997467335280143,
                    -0.5542464266120263,
                    -2.3908734219047547
                ],
                [
                    -0.36644981827023126,
                    -0.46703636500732865,
                    -0.8047307403414236,
                    -0.7156081543993162
                ],
                [
                    -0.5565832291979581,
                    0.8031162897353216,
                    -0.21264838145949758,
                    -2.724028425870761
                ],
                [
                    0.0,
                    0.0,
                    0.0,
                    1.0
                ]
            ],
            "colmap_im_id": 315
        },
        {
            "file_path": "images/frame_00314.png",
            "transform_matrix": [
                [
                    0.7466586283020613,
                    0.3821025997494718,
                    -0.5445167546061178,
                    -2.3278983447023323
                ],
                [
                    -0.365751867479546,
                    -0.4479123806044512,
                    -0.8158431655266091,
                    -0.7843979015298771
                ],
                [
                    -0.5556315903701919,
                    0.8083143587527987,
                    -0.19468290427447157,
                    -2.585505860400233
                ],
                [
                    0.0,
                    0.0,
                    0.0,
                    1.0
                ]
            ],
            "colmap_im_id": 314
        },
        {
            "file_path": "images/frame_00313.png",
            "transform_matrix": [
                [
                    0.747521291153134,
                    0.39319310590214557,
                    -0.5353607202100052,
                    -2.274912735568811
                ],
                [
                    -0.36406514810059054,
                    -0.4316050407231828,
                    -0.8253324522644402,
                    -0.8638236327936057
                ],
                [
                    -0.5555794157555214,
                    0.8118597602377912,
                    -0.1794860509771987,
                    -2.4510626937414597
                ],
                [
                    0.0,
                    0.0,
                    0.0,
                    1.0
                ]
            ],
            "colmap_im_id": 313
        },
        {
            "file_path": "images/frame_00312.png",
            "transform_matrix": [
                [
                    0.7477836796026983,
                    0.4074172113966064,
                    -0.5242430584925869,
                    -2.215406796190481
                ],
                [
                    -0.3598264256371892,
                    -0.4148948622669778,
                    -0.835695636387812,
                    -0.951039702734277
                ],
                [
                    -0.5579825373011357,
                    0.8135560639084921,
                    -0.1636521278343434,
                    -2.31093794674439
                ],
                [
                    0.0,
                    0.0,
                    0.0,
                    1.0
                ]
            ],
            "colmap_im_id": 312
        },
        {
            "file_path": "images/frame_00311.png",
            "transform_matrix": [
                [
                    0.7492029306893863,
                    0.4219101431105526,
                    -0.5105749698005845,
                    -2.173905853043931
                ],
                [
                    -0.3526450477378119,
                    -0.39842651311960037,
                    -0.8466981657883481,
                    -1.043471626353837
                ],
                [
                    -0.5606571492029966,
                    0.8144004818170173,
                    -0.14971778873526984,
                    -2.168340938130986
                ],
                [
                    0.0,
                    0.0,
                    0.0,
                    1.0
                ]
            ],
            "colmap_im_id": 311
        },
        {
            "file_path": "images/frame_00310.png",
            "transform_matrix": [
                [
                    0.7498385530682832,
                    0.4364919025138259,
                    -0.49720917466628095,
                    -2.1508765134867924
                ],
                [
                    -0.3455366101097006,
                    -0.38251471844828233,
                    -0.8569054447512444,
                    -1.1205664564290727
                ],
                [
                    -0.5642221153113021,
                    0.8143447115382356,
                    -0.13600035067362046,
                    -2.0265712141166463
                ],
                [
                    0.0,
                    0.0,
                    0.0,
                    1.0
                ]
            ],
            "colmap_im_id": 310
        },
        {
            "file_path": "images/frame_00309.png",
            "transform_matrix": [
                [
                    0.750102847241458,
                    0.4537937546963186,
                    -0.48105815319862866,
                    -2.135537010598573
                ],
                [
                    -0.3360415606249999,
                    -0.364963952520803,
                    -0.8682611259829082,
                    -1.2162391136960324
                ],
                [
                    -0.5695803614003667,
                    0.8129406753011014,
                    -0.1212669383963213,
                    -1.885962986109361
                ],
                [
                    0.0,
                    0.0,
                    0.0,
                    1.0
                ]
            ],
            "colmap_im_id": 309
        },
        {
            "file_path": "images/frame_00308.png",
            "transform_matrix": [
                [
                    0.7479231924843462,
                    0.47181086058286476,
                    -0.4669104946133472,
                    -2.1170604903669017
                ],
                [
                    -0.32921703771796273,
                    -0.34713087732587855,
                    -0.8781322770990573,
                    -1.273964219338956
                ],
                [
                    -0.5763913949914878,
                    0.8104903860275103,
                    -0.10429906009520953,
                    -1.7545269321381418
                ],
                [
                    0.0,
                    0.0,
                    0.0,
                    1.0
                ]
            ],
            "colmap_im_id": 308
        },
        {
            "file_path": "images/frame_00307.png",
            "transform_matrix": [
                [
                    0.7397302903278357,
                    0.4913481128944261,
                    -0.4597565981327318,
                    -2.094655684354708
                ],
                [
                    -0.33014265754878985,
                    -0.33035049180066434,
                    -0.884236607607761,
                    -1.3126774591664307
                ],
                [
                    -0.5863488068019908,
                    0.8058818675973207,
                    -0.08215529343710012,
                    -1.6312863762272136
                ],
                [
                    0.0,
                    0.0,
                    0.0,
                    1.0
                ]
            ],
            "colmap_im_id": 307
        },
        {
            "file_path": "images/frame_00306.png",
            "transform_matrix": [
                [
                    0.7274818209622879,
                    0.5108355826621946,
                    -0.4580580832771864,
                    -2.0784838233043166
                ],
                [
                    -0.3364607740151638,
                    -0.3162196391567087,
                    -0.8870170727560535,
                    -1.3685307982560873
                ],
                [
                    -0.5979668449993784,
                    0.7994073725565567,
                    -0.05816790338075086,
                    -1.539720358689956
                ],
                [
                    0.0,
                    0.0,
                    0.0,
                    1.0
                ]
            ],
            "colmap_im_id": 306
        },
        {
            "file_path": "images/frame_00305.png",
            "transform_matrix": [
                [
                    0.7152849392530912,
                    0.5289124918399943,
                    -0.45674832419321465,
                    -2.0556764494420925
                ],
                [
                    -0.34089017551063444,
                    -0.3064757894660799,
                    -0.8887443269644381,
                    -1.3981843908177563
                ],
                [
                    -0.610050279827844,
                    0.7914064483227004,
                    -0.03891644427768539,
                    -1.4977709580559069
                ],
                [
                    0.0,
                    0.0,
                    0.0,
                    1.0
                ]
            ],
            "colmap_im_id": 305
        },
        {
            "file_path": "images/frame_00304.png",
            "transform_matrix": [
                [
                    0.7029341389097818,
                    0.5418091143541867,
                    -0.46078897551687936,
                    -2.087648982430535
                ],
                [
                    -0.34791647257202735,
                    -0.3031243963136091,
                    -0.8871695037998927,
                    -1.4118000902593313
                ],
                [
                    -0.6203529031673836,
                    0.7839378061825071,
                    -0.02457217063177137,
                    -1.4766131551444692
                ],
                [
                    0.0,
                    0.0,
                    0.0,
                    1.0
                ]
            ],
            "colmap_im_id": 304
        },
        {
            "file_path": "images/frame_00303.png",
            "transform_matrix": [
                [
                    0.6910715945071763,
                    0.5561331499044185,
                    -0.461666514751393,
                    -2.119540359694059
                ],
                [
                    -0.3530415728972661,
                    -0.29763230178435374,
                    -0.8870043183326515,
                    -1.4313943949178074
                ],
                [
                    -0.6306993729753766,
                    0.7759709611267275,
                    -0.009347107388387435,
                    -1.4341766498046997
                ],
                [
                    0.0,
                    0.0,
                    0.0,
                    1.0
                ]
            ],
            "colmap_im_id": 303
        },
        {
            "file_path": "images/frame_00302.png",
            "transform_matrix": [
                [
                    0.6797254402420626,
                    0.5720364761852201,
                    -0.45907253871401416,
                    -2.1282381719010637
                ],
                [
                    -0.3535173923057676,
                    -0.29288721549467167,
                    -0.8883932306907274,
                    -1.4280311921988325
                ],
                [
                    -0.6426498107251446,
                    0.7661536066046897,
                    0.003141951871391786,
                    -1.401205487788925
                ],
                [
                    0.0,
                    0.0,
                    0.0,
                    1.0
                ]
            ],
            "colmap_im_id": 302
        },
        {
            "file_path": "images/frame_00301.png",
            "transform_matrix": [
                [
                    0.6678680897900089,
                    0.5823806986684618,
                    -0.46344895777062517,
                    -2.1784077549678442
                ],
                [
                    -0.36153371676680013,
                    -0.2904360756355471,
                    -0.8859685421109522,
                    -1.3866491360172966
                ],
                [
                    -0.6505732751051396,
                    0.7592625420681944,
                    0.016577271522035607,
                    -1.360553623662243
                ],
                [
                    0.0,
                    0.0,
                    0.0,
                    1.0
                ]
            ],
            "colmap_im_id": 301
        },
        {
            "file_path": "images/frame_00300.png",
            "transform_matrix": [
                [
                    0.6556725800650901,
                    0.5937577904648402,
                    -0.4664173603255984,
                    -2.2167756221434836
                ],
                [
                    -0.3664601042305652,
                    -0.2898462273004511,
                    -0.8841358247051292,
                    -1.3202199032581743
                ],
                [
                    -0.6601518459855363,
                    0.7506269717922519,
                    0.02754431810523604,
                    -1.334024555047033
                ],
                [
                    0.0,
                    0.0,
                    0.0,
                    1.0
                ]
            ],
            "colmap_im_id": 300
        },
        {
            "file_path": "images/frame_00299.png",
            "transform_matrix": [
                [
                    0.6441237261098264,
                    0.6062536690429118,
                    -0.4664344693892176,
                    -2.2449674137968993
                ],
                [
                    -0.36637818176545955,
                    -0.2907601304509069,
                    -0.8838696592068356,
                    -1.3003805916826845
                ],
                [
                    -0.6714697710162604,
                    0.7402128310912877,
                    0.034832618322363305,
                    -1.3272670646082365
                ],
                [
                    0.0,
                    0.0,
                    0.0,
                    1.0
                ]
            ],
            "colmap_im_id": 299
        },
        {
            "file_path": "images/frame_00298.png",
            "transform_matrix": [
                [
                    0.6320082986767478,
                    0.6158520909344234,
                    -0.4704165308483763,
                    -2.2867654941180873
                ],
                [
                    -0.3716770381069069,
                    -0.2917670985602576,
                    -0.881321813835222,
                    -1.2556433986289925
                ],
                [
                    -0.6800159481569529,
                    0.7318457230109552,
                    0.04449885349953261,
                    -1.3109328079472418
                ],
                [
                    0.0,
                    0.0,
                    0.0,
                    1.0
                ]
            ],
            "colmap_im_id": 298
        },
        {
            "file_path": "images/frame_00297.png",
            "transform_matrix": [
                [
                    0.6205826651090489,
                    0.625989792903805,
                    -0.4722435123391338,
                    -2.3205207013011715
                ],
                [
                    -0.37484876499729264,
                    -0.29214501052047764,
                    -0.8798520876874673,
                    -1.2138707418689452
                ],
                [
                    -0.6887420120380014,
                    0.723040850857157,
                    0.05335137154379311,
                    -1.2907555332052354
                ],
                [
                    0.0,
                    0.0,
                    0.0,
                    1.0
                ]
            ],
            "colmap_im_id": 297
        },
        {
            "file_path": "images/frame_00296.png",
            "transform_matrix": [
                [
                    0.6092832103370198,
                    0.6356884437301047,
                    -0.4739980718414502,
                    -2.3532711967870363
                ],
                [
                    -0.37695414486911827,
                    -0.29370300219439144,
                    -0.8784327630319767,
                    -1.1932843130217363
                ],
                [
                    -0.69762421278752,
                    0.713889871765946,
                    0.06067708564684283,
                    -1.2676873806828282
                ],
                [
                    0.0,
                    0.0,
                    0.0,
                    1.0
                ]
            ],
            "colmap_im_id": 296
        },
        {
            "file_path": "images/frame_00295.png",
            "transform_matrix": [
                [
                    0.5974672236176608,
                    0.6409385179469633,
                    -0.4819032401992687,
                    -2.4171672219286555
                ],
                [
                    -0.381158242451598,
                    -0.3017408272068021,
                    -0.8738826393788606,
                    -1.1234482814932116
                ],
                [
                    -0.7055149260744333,
                    0.7057976263834448,
                    0.06401874473685214,
                    -1.251942471643768
                ],
                [
                    0.0,
                    0.0,
                    0.0,
                    1.0
                ]
            ],
            "colmap_im_id": 295
        },
        {
            "file_path": "images/frame_00294.png",
            "transform_matrix": [
                [
                    0.5850800243697731,
                    0.6487707453880285,
                    -0.48659827888323604,
                    -2.4653436675584723
                ],
                [
                    -0.38396519641960164,
                    -0.3068962835243471,
                    -0.8708532592218968,
                    -1.0589205986786794
                ],
                [
                    -0.7143193214675928,
                    0.6963556498568857,
                    0.06954650164078802,
                    -1.2109051902343517
                ],
                [
                    0.0,
                    0.0,
                    0.0,
                    1.0
                ]
            ],
            "colmap_im_id": 294
        },
        {
            "file_path": "images/frame_00293.png",
            "transform_matrix": [
                [
                    0.570773361405613,
                    0.6603757133359568,
                    -0.48797713793349334,
                    -2.484406298609273
                ],
                [
                    -0.38372413369422886,
                    -0.3108814610295946,
                    -0.8695449996456297,
                    -0.9914498746432316
                ],
                [
                    -0.7259294450085017,
                    0.6835617268572977,
                    0.07595924200199876,
                    -1.172142547238487
                ],
                [
                    0.0,
                    0.0,
                    0.0,
                    1.0
                ]
            ],
            "colmap_im_id": 293
        },
        {
            "file_path": "images/frame_00292.png",
            "transform_matrix": [
                [
                    0.5512657293987889,
                    0.6689193114544832,
                    -0.49865123117634175,
                    -2.5444161039687208
                ],
                [
                    -0.39330602253165053,
                    -0.3187446633381972,
                    -0.8623875070023639,
                    -0.8981333024265221
                ],
                [
                    -0.7358100761954501,
                    0.6715272104365387,
                    0.08737698445567059,
                    -1.1175562850758323
                ],
                [
                    0.0,
                    0.0,
                    0.0,
                    1.0
                ]
            ],
            "colmap_im_id": 292
        },
        {
            "file_path": "images/frame_00291.png",
            "transform_matrix": [
                [
                    0.5312724606616201,
                    0.6763035567275504,
                    -0.5102578482495023,
                    -2.627932676992343
                ],
                [
                    -0.4010776554407661,
                    -0.32974061469799265,
                    -0.85463901228807,
                    -0.816242482292014
                ],
                [
                    -0.7462481402648083,
                    0.6586991924818604,
                    0.09606813714785944,
                    -1.0637629349229085
                ],
                [
                    0.0,
                    0.0,
                    0.0,
                    1.0
                ]
            ],
            "colmap_im_id": 291
        },
        {
            "file_path": "images/frame_00290.png",
            "transform_matrix": [
                [
                    0.5110105127567472,
                    0.6868445285724353,
                    -0.5168296135306055,
                    -2.680096866416716
                ],
                [
                    -0.4060035978394652,
                    -0.33710129638691655,
                    -0.849425567378137,
                    -0.7382939400874889
                ],
                [
                    -0.7576472361155262,
                    0.643900077297999,
                    0.10659904343911775,
                    -1.0022010675719462
                ],
                [
                    0.0,
                    0.0,
                    0.0,
                    1.0
                ]
            ],
            "colmap_im_id": 290
        },
        {
            "file_path": "images/frame_00289.png",
            "transform_matrix": [
                [
                    0.49007529306960895,
                    0.6938657779628117,
                    -0.5276139585860088,
                    -2.766223482653482
                ],
                [
                    -0.4155357026792787,
                    -0.3461168785927817,
                    -0.8411499189514481,
                    -0.6852021688111057
                ],
                [
                    -0.7662612393443731,
                    0.631469230070042,
                    0.1187026728981857,
                    -0.926378546351816
                ],
                [
                    0.0,
